433
436
437
759
760
761
770
771
800
808
809
810
922
1725
1975
1976
1977
1978
1979
1980
1982
1983
1984
1985
1986
1987
1989
1991
1992
1993
1994
1996
1997
1998
2000
2001
2002
2003
2004
2005
2006
2011
2019
2020
2024
2025
2026
2027
2028
2029
2030
2031
2032
2033
2034
2035
2036
2037
2038
2039
2040
2041
2042
2043
2044
2045
2046
2047
2048
2049
2050
2051
2052
2053
2054
2062
2063
2064
2067
2068
2069
2090
2100
2106
2108
2111
2112
2287
2295
2296
3027
3028
3029
3030
3031
3051
3052
3053
3201
3503
3504
3561
3981
3982
3983
3984
4023
4024
4025
4243
4244
4245
4250
4251
4252
4267
4268
4269
4319
4320
4330
4331
4566
4590
4648
4650
4651
4652
4659
4690
4740
4741
4747
4748
4749
4750
4751
4752
4754
4755
4756
4757
4759
4760
4761
4762
4764
4765
4766
4767
4768
4769
4771
4772
4773
4775
4776
4778
4779
4780
4781
4783
4784
4789
4790
4791
4792
4803
4813
4862
4871
5041
5106
5115
5499
5500
7723
7725
7727
8740
8741
8742
8743
8744
8745
8746
8752
8765
8766
8770
8771
8772
8773
8774
8775
8776
8777
8778
8779
8780
8781
8782
8783
8784
8785
8786
8803
8804
8805
8900
8914
8919